00000000
00000000
00000000
00000000
00000000
00000000
00110000
00110000
00110000
00110000
00110000
00110000
00101100
00101000
00100100
00100000
00011100
00011000
00010100
00010000
00001100
00001000
00000100
00000000
11111100
11111000
11110100
11110000
11101100
11101000
11100100
11100000
11011100
11011000
11010100
11010000
11001100
11001000
11000100
11000000
10111100
10111000
10110100
10110000
10101100
10101000
10100100
10100000
10011100
10011000
10010100
10010000
10001100
10001000
10000100
10000000
01111100
01111000
01110100
01110000
01101100
01101000
01100100
01100000
01011100
01011000
01010100
01010000
01001100
01001000
01000100
01000000
00111100
00111000
00110100
00110000
00101100
00101000
00100100
00100000
00011100
00011000
00010100
00010000
00001100
00001000
00000100
00000000
11111100
11111000
11110100
11110000
11101100
11101000
11100100
11100000
11011100
11011000
11010100
11010000
11001100
11001000
11000100
11000000
10111100
10111000
10110100
10110000
10101100
10101000
10100100
10100000
10011100
10011000
10010100
10010000
10001100
10001000
10000100
10000000
01111100
01111000
01110100
01110000
01101100
01101000
01100100
01100000
01011100
01011000
01010100
01010000
01001100
01001000
01000100
01000000
00111100
00111000
00110100
00110000
00101100
00101000
00100100
00100000
00011100
00011000
00010100
00010000
00001100
00001000
00000100
00000000
11111100
11111000
11110100
11110000
11101100
11101000
11100100
11100000
11011100
11011000
11010100
11010000
11001100
11001000
11000100
11000000
10111100
10111000
10110100
10110000
10101100
10101000
10100100
10100000
10011100
10011000
10010100
10010000
10001100
10001000
10000100
10000000
01111100
01111000
01110100
01110000
01101100
01101000
01100100
01100000
01011100
01011000
01010100
01010000
01001100
01001000
01000100
01000000
00111100
00111000
00110100
00110000
00101100
00101000
00100100
00100000
00011100
00011000
00010100
00010000
00001100
00001000
00000100
00000000
11111100
11111000
11110100
11110000
11101100
11101000
11100100
11100000
11011100
11011000
11010100
11010000
11001100
11001000
11000100
11000000
10111100
10111000
10110100
10110000
10101100
10101000
10100100
10100000
10011100
10011000
10010100
10010000
10001100
10001000
10000100
10000000
01111100
01111000
01110100
01110000
01101100
01101000
01100100
01100000
01011100
01011000
01010100
01010000
01001100
01001000
